# DESCRIPTION: Verilator output: Timestamp data for --skip-identical.  Delete at will.
C "--binary -j 0 -Wno-fatal -Wno-style --timing --autoflush --trace --trace-structs -CFLAGS -O0 --top tb_croc_soc -f croc.f"
S       909 17959690  1752325799   199023325  1752325799   199023325 "../rtl/apb/apb_pkg.sv"
S      2668 17959694  1752325799   199023325  1752325799   199023325 "../rtl/apb/include/apb/typedef.svh"
S     28993 17959697  1752325799   199023325  1752325799   199023325 "../rtl/apb_uart/apb_uart.sv"
S      2317 17959698  1752325799   199023325  1752325799   199023325 "../rtl/apb_uart/apb_uart_wrap.sv"
S      3013 17959699  1752325799   199023325  1752325799   199023325 "../rtl/apb_uart/reg_uart_wrap.sv"
S      2160 17959700  1752325799   199023325  1752325799   199023325 "../rtl/apb_uart/slib_clock_div.sv"
S      2549 17959701  1752325799   199023325  1752325799   199023325 "../rtl/apb_uart/slib_counter.sv"
S      1895 17959702  1752325799   199023325  1752325799   199023325 "../rtl/apb_uart/slib_edge_detect.sv"
S      3949 17959703  1752325799   199023325  1752325799   199023325 "../rtl/apb_uart/slib_fifo.sv"
S      2403 17959704  1752325799   199023325  1752325799   199023325 "../rtl/apb_uart/slib_input_filter.sv"
S      1862 17959705  1752325799   199023325  1752325799   199023325 "../rtl/apb_uart/slib_input_sync.sv"
S      2311 17959706  1752325799   199023325  1752325799   199023325 "../rtl/apb_uart/slib_mv_filter.sv"
S      2429 17959707  1752325799   199023325  1752325799   199023325 "../rtl/apb_uart/uart_baudgen.sv"
S      3020 17959708  1752325799   199023325  1752325799   199023325 "../rtl/apb_uart/uart_interrupt.sv"
S      7585 17959709  1752325799   199023325  1752325799   199023325 "../rtl/apb_uart/uart_receiver.sv"
S      7836 17959710  1752325799   199023325  1752325799   199023325 "../rtl/apb_uart/uart_transmitter.sv"
S      4818 17959714  1752325799   199023325  1752325799   199023325 "../rtl/common_cells/addr_decode.sv"
S      9006 17959715  1752325799   199023325  1752325799   199023325 "../rtl/common_cells/addr_decode_dync.sv"
S      3414 17959716  1752325799   199023325  1752325799   199023325 "../rtl/common_cells/addr_decode_napot.sv"
S       904 17959717  1752325799   199023325  1752325799   199023325 "../rtl/common_cells/binary_to_gray.sv"
S      9761 17959718  1752325799   199023325  1752325799   199023325 "../rtl/common_cells/cb_filter.sv"
S      1175 17959719  1752325799   199023325  1752325799   199023325 "../rtl/common_cells/cb_filter_pkg.sv"
S      1945 17959720  1752325799   199023325  1752325799   199023325 "../rtl/common_cells/cc_onehot.sv"
S      6458 17959721  1752325799   199023325  1752325799   199023325 "../rtl/common_cells/cdc_2phase.sv"
S     11314 17959722  1752325799   199023325  1752325799   199023325 "../rtl/common_cells/cdc_2phase_clearable.sv"
S      9020 17959723  1752325799   199023325  1752325799   199023325 "../rtl/common_cells/cdc_4phase.sv"
S      6021 17959724  1752325799   199023325  1752325799   199023325 "../rtl/common_cells/cdc_fifo_2phase.sv"
S     10731 17959725  1752325799   199023325  1752325799   199023325 "../rtl/common_cells/cdc_fifo_gray.sv"
S     15330 17959726  1752325799   199023325  1752325799   199023325 "../rtl/common_cells/cdc_fifo_gray_clearable.sv"
S     21849 17959727  1752325799   199023325  1752325799   199023325 "../rtl/common_cells/cdc_reset_ctrlr.sv"
S      1198 17959728  1752325799   199023325  1752325799   199023325 "../rtl/common_cells/cdc_reset_ctrlr_pkg.sv"
S      2726 17959729  1752325799   199023325  1752325799   199023325 "../rtl/common_cells/cf_math_pkg.sv"
S     16315 17959730  1752325799   199023325  1752325799   199023325 "../rtl/common_cells/clk_int_div.sv"
S      4041 17959731  1752325799   199023325  1752325799   199023325 "../rtl/common_cells/clk_int_div_static.sv"
S     12641 17959732  1752325799   199023325  1752325799   199023325 "../rtl/common_cells/clk_mux_glitch_free.sv"
S      1584 17959733  1752325799   199023325  1752325799   199023325 "../rtl/common_cells/counter.sv"
S      1803 17959734  1752325799   199023325  1752325799   199023325 "../rtl/common_cells/credit_counter.sv"
S      2925 17959735  1752325799   199023325  1752325799   199023325 "../rtl/common_cells/delta_counter.sv"
S      5583 17959736  1752325799   199023325  1752325799   199023325 "../rtl/common_cells/ecc_decode.sv"
S      2899 17959737  1752325799   199023325  1752325799   199023325 "../rtl/common_cells/ecc_encode.sv"
S      1410 17959738  1752325799   199023325  1752325799   199023325 "../rtl/common_cells/ecc_pkg.sv"
S      1298 17959739  1752325799   199023325  1752325799   199023325 "../rtl/common_cells/edge_detect.sv"
S      1349 17959743  1752325799   199023325  1752325799   199023325 "../rtl/common_cells/edge_propagator_tx.sv"
S      3448 17959744  1752325799   199023325  1752325799   199023325 "../rtl/common_cells/exp_backoff.sv"
S      2301 17959745  1752325799   199023325  1752325799   199023325 "../rtl/common_cells/fall_through_register.sv"
S      6308 17959746  1752325799   199023325  1752325799   199023325 "../rtl/common_cells/fifo_v3.sv"
S       943 17959747  1752325799   199023325  1752325799   199023325 "../rtl/common_cells/gray_to_binary.sv"
S     18172 17959748  1752325799   199023325  1752325799   199023325 "../rtl/common_cells/id_queue.sv"
S     10455 17959751  1752325799   199023325  1752325799   199023325 "../rtl/common_cells/include/common_cells/assertions.svh"
S     12202 17959752  1752325799   199023325  1752325799   199023325 "../rtl/common_cells/include/common_cells/registers.svh"
S      3458 17959753  1752325799   199023325  1752325799   199023325 "../rtl/common_cells/isochronous_4phase_handshake.sv"
S      4943 17959754  1752325799   199023325  1752325799   199023325 "../rtl/common_cells/isochronous_spill_register.sv"
S     12411 17959755  1752325799   199023325  1752325799   199023325 "../rtl/common_cells/lfsr.sv"
S      2074 17959756  1752325799   199023325  1752325799   199023325 "../rtl/common_cells/lfsr_16bit.sv"
S      1954 17959757  1752325799   199023325  1752325799   199023325 "../rtl/common_cells/lfsr_8bit.sv"
S      5717 17959758  1752325799   199023325  1752325799   199023325 "../rtl/common_cells/lossy_valid_to_stream.sv"
S      4298 17959759  1752325799   199023325  1752325799   199023325 "../rtl/common_cells/lzc.sv"
S      2535 17959760  1752325799   199023325  1752325799   199023325 "../rtl/common_cells/max_counter.sv"
S      4954 17959761  1752325799   199023325  1752325799   199023325 "../rtl/common_cells/mem_to_banks.sv"
S     10131 17959762  1752325799   199023325  1752325799   199023325 "../rtl/common_cells/mem_to_banks_detailed.sv"
S      6967 17959763  1752325799   199023325  1752325799   199023325 "../rtl/common_cells/multiaddr_decode.sv"
S      1675 17959764  1752325799   199023325  1752325799   199023325 "../rtl/common_cells/mv_filter.sv"
S      1552 17959765  1752325799   199023325  1752325799   199023325 "../rtl/common_cells/onehot_to_bin.sv"
S      4393 17959766  1752325799   199023325  1752325799   199023325 "../rtl/common_cells/passthrough_stream_fifo.sv"
S      5563 17959767  1752325799   199023325  1752325799   199023325 "../rtl/common_cells/plru_tree.sv"
S      1658 17959768  1752325799   199023325  1752325799   199023325 "../rtl/common_cells/popcount.sv"
S       524 17959769  1752325799   199023325  1752325799   199023325 "../rtl/common_cells/read.sv"
S     14415 17959770  1752325799   199023325  1752325799   199023325 "../rtl/common_cells/rr_arb_tree.sv"
S      1168 17959771  1752325799   199023325  1752325799   199023325 "../rtl/common_cells/rstgen.sv"
S      2253 17959772  1752325799   199023325  1752325799   199023325 "../rtl/common_cells/rstgen_bypass.sv"
S      1840 17959773  1752325799   199023325  1752325799   199023325 "../rtl/common_cells/serial_deglitch.sv"
S      1277 17959774  1752325799   199023325  1752325799   199023325 "../rtl/common_cells/shift_reg.sv"
S      2188 17959775  1752325799   199023325  1752325799   199023325 "../rtl/common_cells/shift_reg_gated.sv"
S      1381 17959776  1752325799   199023325  1752325799   199023325 "../rtl/common_cells/spill_register.sv"
S      3605 17959777  1752325799   199023325  1752325799   199023325 "../rtl/common_cells/spill_register_flushable.sv"
S      2062 17959778  1752325799   199023325  1752325799   199023325 "../rtl/common_cells/stream_arbiter.sv"
S      2795 17959779  1752325799   199023325  1752325799   199023325 "../rtl/common_cells/stream_arbiter_flushable.sv"
S      4317 17959780  1752325799   199023325  1752325799   199023325 "../rtl/common_cells/stream_delay.sv"
S      1543 17959781  1752325799   199023325  1752325799   199023325 "../rtl/common_cells/stream_demux.sv"
S      2593 17959782  1752325799   199023325  1752325799   199023325 "../rtl/common_cells/stream_fifo.sv"
S      3748 17959783  1752325799   199023325  1752325799   199023325 "../rtl/common_cells/stream_fifo_optimal_wrap.sv"
S      1114 17959784  1752325799   199023325  1752325799   199023325 "../rtl/common_cells/stream_filter.sv"
S      4769 17959785  1752325799   199023325  1752325799   199023325 "../rtl/common_cells/stream_fork.sv"
S      3268 17959786  1752325799   199023325  1752325799   199023325 "../rtl/common_cells/stream_fork_dynamic.sv"
S      1548 17959787  1752325799   199023325  1752325799   199023325 "../rtl/common_cells/stream_intf.sv"
S      1704 17959788  1752325799   199023325  1752325799   199023325 "../rtl/common_cells/stream_join.sv"
S      2044 17959789  1752325799   199023325  1752325799   199023325 "../rtl/common_cells/stream_join_dynamic.sv"
S      1752 17959790  1752325799   199023325  1752325799   199023325 "../rtl/common_cells/stream_mux.sv"
S     14866 17959791  1752325799   199023325  1752325799   199023325 "../rtl/common_cells/stream_omega_net.sv"
S      1763 17959792  1752325799   199023325  1752325799   199023325 "../rtl/common_cells/stream_register.sv"
S      2809 17959793  1752325799   199023325  1752325799   199023325 "../rtl/common_cells/stream_throttle.sv"
S      5222 17959794  1752325799   199023325  1752325799   199023325 "../rtl/common_cells/stream_to_mem.sv"
S      8460 17959795  1752325799   199023325  1752325799   199023325 "../rtl/common_cells/stream_xbar.sv"
S      7383 17959796  1752325799   199023325  1752325799   199023325 "../rtl/common_cells/sub_per_hash.sv"
S      1269 17959797  1752325799   199023325  1752325799   199023325 "../rtl/common_cells/sync.sv"
S      1647 17959798  1752325799   199023325  1752325799   199023325 "../rtl/common_cells/sync_wedge.sv"
S      1018 17959799  1752325799   199023325  1752325799   199023325 "../rtl/common_cells/unread.sv"
S      2151 17959802  1752325799   203023300  1752325799   203023300 "../rtl/common_verification/clk_rst_gen.sv"
S      2959 17959803  1752325799   203023300  1752325799   203023300 "../rtl/core_wrap.sv"
S      9636 17959804  1752325799   203023300  1752325799   203023300 "../rtl/croc_chip.sv"
S     18949 17959805  1752325799   203023300  1752325799   203023300 "../rtl/croc_domain.sv"
S     10599 17959806  1752325799   203023300  1752325799   203023300 "../rtl/croc_pkg.sv"
S      2631 17959807  1752325799   203023300  1752325799   203023300 "../rtl/croc_soc.sv"
S     52319 17959813  1752325799   203023300  1752325799   203023300 "../rtl/cve2/cve2_alu.sv"
S     10857 17959815  1752325799   203023300  1752325799   203023300 "../rtl/cve2/cve2_compressed_decoder.sv"
S     33509 17959816  1752325799   203023300  1752325799   203023300 "../rtl/cve2/cve2_controller.sv"
S     51099 17959644  1752398968   208604044  1752398968   208604044 "../rtl/cve2/cve2_core.sv"
S      2987 17959819  1752325799   203023300  1752325799   203023300 "../rtl/cve2/cve2_counter.sv"
S     59121 17959820  1752325799   203023300  1752325799   203023300 "../rtl/cve2/cve2_cs_registers.sv"
S      1303 17959821  1752325799   203023300  1752325799   203023300 "../rtl/cve2/cve2_csr.sv"
S     45726 17959817  1752325855   818648232  1752325855   818648232 "../rtl/cve2/cve2_decoder.sv"
S      6704 17959822  1752325855   818648232  1752325855   818648232 "../rtl/cve2/cve2_ex_block.sv"
S      9353 17959824  1752325799   203023300  1752325799   203023300 "../rtl/cve2/cve2_fetch_fifo.sv"
S     30990 17959823  1752325855   818648232  1752325855   818648232 "../rtl/cve2/cve2_id_stage.sv"
S     11703 17959826  1752325799   203023300  1752325799   203023300 "../rtl/cve2/cve2_if_stage.sv"
S     17301 17959827  1752325799   203023300  1752325799   203023300 "../rtl/cve2/cve2_load_store_unit.sv"
S      3746 17960042  1752325855   818648232  1752325855   818648232 "../rtl/cve2/cve2_mac_controller.sv"
S     17633 17959829  1752325799   203023300  1752325799   203023300 "../rtl/cve2/cve2_multdiv_fast.sv"
S     13170 17959830  1752325799   203023300  1752325799   203023300 "../rtl/cve2/cve2_multdiv_slow.sv"
S     16812 17959825  1752325855   818648232  1752325855   818648232 "../rtl/cve2/cve2_pkg.sv"
S      8626 17959832  1752325799   203023300  1752325799   203023300 "../rtl/cve2/cve2_pmp.sv"
S      9248 17959833  1752325799   203023300  1752325799   203023300 "../rtl/cve2/cve2_prefetch_buffer.sv"
S      2210 17959828  1752325855   818648232  1752325855   818648232 "../rtl/cve2/cve2_register_file_ff.sv"
S      2523 17959837  1752325799   203023300  1752325799   203023300 "../rtl/cve2/cve2_wb.sv"
S      2519 17959840  1752325799   203023300  1752325799   203023300 "../rtl/cve2/include/cve2/cve2_pmp_reset_default.svh"
S      6507 17959842  1752325799   203023300  1752325799   203023300 "../rtl/cve2/include/lowrisc_prim/prim_assert.svh"
S       934 17959843  1752325799   203023300  1752325799   203023300 "../rtl/cve2/include/lowrisc_prim/prim_assert_dummy_macros.svh"
S      1281 17959844  1752325799   203023300  1752325799   203023300 "../rtl/cve2/include/lowrisc_prim/prim_assert_sec_cm.svh"
S      6251 17959850  1752325799   203023300  1752325799   203023300 "../rtl/gpio/gpio.sv"
S      2599 17959851  1752325799   203023300  1752325799   203023300 "../rtl/gpio/gpio_reg_pkg.sv"
S      9285 17959852  1752325799   203023300  1752325799   203023300 "../rtl/gpio/gpio_reg_top.sv"
S     16533 17959858  1752325799   203023300  1752325799   203023300 "../rtl/obi/include/obi/assign.svh"
S      6992 17959859  1752325799   203023300  1752325799   203023300 "../rtl/obi/include/obi/typedef.svh"
S     20769 17959860  1752325799   203023300  1752325799   203023300 "../rtl/obi/obi_atop_resolver.sv"
S      5366 17959862  1752325799   203023300  1752325799   203023300 "../rtl/obi/obi_demux.sv"
S      3123 17959863  1752325799   203023300  1752325799   203023300 "../rtl/obi/obi_err_sbr.sv"
S      6586 17959864  1752325799   203023300  1752325799   203023300 "../rtl/obi/obi_intf.sv"
S      8173 17959865  1752325799   203023300  1752325799   203023300 "../rtl/obi/obi_mux.sv"
S      3807 17959866  1752325799   203023300  1752325799   203023300 "../rtl/obi/obi_pkg.sv"
S      2130 17959867  1752325799   203023300  1752325799   203023300 "../rtl/obi/obi_rready_converter.sv"
S      2231 17959868  1752325799   203023300  1752325799   203023300 "../rtl/obi/obi_sram_shim.sv"
S      9796 17959869  1752325799   203023300  1752325799   203023300 "../rtl/obi/obi_xbar.sv"
S      1807 17959914  1752325799   207023274  1752325799   207023274 "../rtl/register_interface/include/register_interface/assign.svh"
S      1421 17959915  1752325799   207023274  1752325799   207023274 "../rtl/register_interface/include/register_interface/typedef.svh"
S      1339 17959917  1752325799   207023274  1752325799   207023274 "../rtl/register_interface/lowrisc_opentitan/prim_subreg.sv"
S      2764 17959918  1752325799   207023274  1752325799   207023274 "../rtl/register_interface/lowrisc_opentitan/prim_subreg_arb.sv"
S       584 17959919  1752325799   207023274  1752325799   207023274 "../rtl/register_interface/lowrisc_opentitan/prim_subreg_ext.sv"
S      4453 17959920  1752325799   207023274  1752325799   207023274 "../rtl/register_interface/lowrisc_opentitan/prim_subreg_shadow.sv"
S      3700 17959921  1752325799   207023274  1752325799   207023274 "../rtl/register_interface/periph_to_reg.sv"
S      1934 17959922  1752325799   207023274  1752325799   207023274 "../rtl/register_interface/reg_intf.sv"
S      2023 17959923  1752325799   207023274  1752325799   207023274 "../rtl/register_interface/reg_to_apb.sv"
S      2093 17959928  1752325799   207023274  1752325799   207023274 "../rtl/riscv-dbg/debug_rom/debug_rom.sv"
S      1943 17959929  1752325799   207023274  1752325799   207023274 "../rtl/riscv-dbg/debug_rom/debug_rom_one_scratch.sv"
S     26887 17959930  1752325799   207023274  1752325799   207023274 "../rtl/riscv-dbg/dm_csrs.sv"
S     22257 17959931  1752325799   207023274  1752325799   207023274 "../rtl/riscv-dbg/dm_mem.sv"
S     10211 17959932  1752325799   207023274  1752325799   207023274 "../rtl/riscv-dbg/dm_obi_top.sv"
S     13397 17959933  1752325799   207023274  1752325799   207023274 "../rtl/riscv-dbg/dm_pkg.sv"
S      7052 17959934  1752325799   207023274  1752325799   207023274 "../rtl/riscv-dbg/dm_sba.sv"
S     10562 17959935  1752325799   207023274  1752325799   207023274 "../rtl/riscv-dbg/dm_top.sv"
S      4715 17959937  1752325799   207023274  1752325799   207023274 "../rtl/riscv-dbg/dmi_cdc.sv"
S     10428 17959940  1752325799   207023274  1752325799   207023274 "../rtl/riscv-dbg/dmi_jtag.sv"
S      9769 17959941  1752325799   207023274  1752325799   207023274 "../rtl/riscv-dbg/dmi_jtag_tap.sv"
S     11675 17959944  1752325799   207023274  1752325799   207023274 "../rtl/riscv-dbg/tb/jtag_test_simple.sv"
S      2446 17959950  1752325799   207023274  1752325799   207023274 "../rtl/soc_ctrl/soc_ctrl_reg_pkg.sv"
S      8191 17959951  1752325799   207023274  1752325799   207023274 "../rtl/soc_ctrl/soc_ctrl_reg_top.sv"
S     15285 17959645  1752398968   208604044  1752398968   208604044 "../rtl/tb_croc_soc.sv"
S      3250 17959961  1752325799   207023274  1752325799   207023274 "../rtl/tech_cells_generic/tc_clk.sv"
S     11930 17959962  1752325799   207023274  1752325799   207023274 "../rtl/tech_cells_generic/tc_sram.sv"
S      3997 17959963  1752325799   207023274  1752325799   207023274 "../rtl/tech_cells_generic/tc_sram_impl.sv"
S     16540 17959967  1752325799   207023274  1752325799   207023274 "../rtl/timer_unit/apb_timer_unit.sv"
S     18017 17959969  1752325799   207023274  1752325799   207023274 "../rtl/timer_unit/timer_unit.sv"
S      2072 17959970  1752325799   207023274  1752325799   207023274 "../rtl/timer_unit/timer_unit_counter.sv"
S      2079 17959971  1752325799   207023274  1752325799   207023274 "../rtl/timer_unit/timer_unit_counter_presc.sv"
S      4357 17959972  1752325799   207023274  1752325799   207023274 "../rtl/user_domain.sv"
S      2691 17959975  1752325799   207023274  1752325799   207023274 "../rtl/user_domain/user_rom.sv"
S      1391 17959976  1752325799   207023274  1752325799   207023274 "../rtl/user_pkg.sv"
S  14111568    25647  1752222390           0  1752222390           0 "/foss/tools/verilator/bin/verilator_bin"
S      6525    25765  1752222390           0  1752222390           0 "/foss/tools/verilator/share/verilator/include/verilated_std.sv"
S      2787    25766  1752222390           0  1752222390           0 "/foss/tools/verilator/share/verilator/include/verilated_std_waiver.vlt"
S      8982 17966303  1752495895   769563967  1752495895   769563967 "croc.f"
T      6852 17966320  1752500666    92046356  1752500666    92046356 "obj_dir/Vtb_croc_soc.cpp"
T      4472 17966319  1752500666    92046356  1752500666    92046356 "obj_dir/Vtb_croc_soc.h"
T      1926 17966377  1752500666   652042988  1752500666   652042988 "obj_dir/Vtb_croc_soc.mk"
T     57554 17966318  1752500666    92046356  1752500666    92046356 "obj_dir/Vtb_croc_soc__ConstPool_0.cpp"
T      4726 17966306  1752500666    92046356  1752500666    92046356 "obj_dir/Vtb_croc_soc__Syms.cpp"
T      2340 17966317  1752500666    92046356  1752500666    92046356 "obj_dir/Vtb_croc_soc__Syms.h"
T       314 17966330  1752500666   128046139  1752500666   128046139 "obj_dir/Vtb_croc_soc__TraceDecls__0__Slow.cpp"
T   1165608 17966329  1752500666   108046260  1752500666   108046260 "obj_dir/Vtb_croc_soc__Trace__0.cpp"
T   2800640 17966328  1752500666   128046139  1752500666   128046139 "obj_dir/Vtb_croc_soc__Trace__0__Slow.cpp"
T       766 17966338  1752500666   108046260  1752500666   108046260 "obj_dir/Vtb_croc_soc__Trace__1.cpp"
T    197807 17966322  1752500666    96046331  1752500666    96046331 "obj_dir/Vtb_croc_soc___024root.h"
T   1475750 17966339  1752500666   180045827  1752500666   180045827 "obj_dir/Vtb_croc_soc___024root__DepSet_h0ddea910__0.cpp"
T     84989 17966335  1752500666   100046308  1752500666   100046308 "obj_dir/Vtb_croc_soc___024root__DepSet_h0ddea910__0__Slow.cpp"
T   1281614 17966340  1752500666   192045754  1752500666   192045754 "obj_dir/Vtb_croc_soc___024root__DepSet_h0ddea910__1.cpp"
T   1284981 17966349  1752500666   308045056  1752500666   308045056 "obj_dir/Vtb_croc_soc___024root__DepSet_h0ddea910__10.cpp"
T   1285406 17966350  1752500666   320044985  1752500666   320044985 "obj_dir/Vtb_croc_soc___024root__DepSet_h0ddea910__11.cpp"
T   6220634 17966351  1752500666   384044600  1752500666   384044600 "obj_dir/Vtb_croc_soc___024root__DepSet_h0ddea910__12.cpp"
T   3953781 17966352  1752500666   420044384  1752500666   420044384 "obj_dir/Vtb_croc_soc___024root__DepSet_h0ddea910__13.cpp"
T   1284997 17966353  1752500666   436044288  1752500666   436044288 "obj_dir/Vtb_croc_soc___024root__DepSet_h0ddea910__14.cpp"
T   1285422 17966354  1752500666   448044215  1752500666   448044215 "obj_dir/Vtb_croc_soc___024root__DepSet_h0ddea910__15.cpp"
T   1284997 17966355  1752500666   460044142  1752500666   460044142 "obj_dir/Vtb_croc_soc___024root__DepSet_h0ddea910__16.cpp"
T   1285422 17966356  1752500666   472044071  1752500666   472044071 "obj_dir/Vtb_croc_soc___024root__DepSet_h0ddea910__17.cpp"
T   1287694 17966357  1752500666   488043975  1752500666   488043975 "obj_dir/Vtb_croc_soc___024root__DepSet_h0ddea910__18.cpp"
T   1289196 17966358  1752500666   500043903  1752500666   500043903 "obj_dir/Vtb_croc_soc___024root__DepSet_h0ddea910__19.cpp"
T   1284979 17966341  1752500666   204045681  1752500666   204045681 "obj_dir/Vtb_croc_soc___024root__DepSet_h0ddea910__2.cpp"
T   1288777 17966359  1752500666   512043830  1752500666   512043830 "obj_dir/Vtb_croc_soc___024root__DepSet_h0ddea910__20.cpp"
T   1289204 17966360  1752500666   524043759  1752500666   524043759 "obj_dir/Vtb_croc_soc___024root__DepSet_h0ddea910__21.cpp"
T   1288777 17966361  1752500666   536043686  1752500666   536043686 "obj_dir/Vtb_croc_soc___024root__DepSet_h0ddea910__22.cpp"
T   1289204 17966362  1752500666   548043613  1752500666   548043613 "obj_dir/Vtb_croc_soc___024root__DepSet_h0ddea910__23.cpp"
T   3433066 17966363  1752500666   584043397  1752500666   584043397 "obj_dir/Vtb_croc_soc___024root__DepSet_h0ddea910__24.cpp"
T    970417 17966364  1752500666   592043349  1752500666   592043349 "obj_dir/Vtb_croc_soc___024root__DepSet_h0ddea910__25.cpp"
T   1228689 17966365  1752500666   608043253  1752500666   608043253 "obj_dir/Vtb_croc_soc___024root__DepSet_h0ddea910__26.cpp"
T   1285404 17966342  1752500666   216045610  1752500666   216045610 "obj_dir/Vtb_croc_soc___024root__DepSet_h0ddea910__3.cpp"
T   1284981 17966343  1752500666   232045514  1752500666   232045514 "obj_dir/Vtb_croc_soc___024root__DepSet_h0ddea910__4.cpp"
T   1285406 17966344  1752500666   244045442  1752500666   244045442 "obj_dir/Vtb_croc_soc___024root__DepSet_h0ddea910__5.cpp"
T   1284981 17966345  1752500666   256045369  1752500666   256045369 "obj_dir/Vtb_croc_soc___024root__DepSet_h0ddea910__6.cpp"
T   1285406 17966346  1752500666   268045298  1752500666   268045298 "obj_dir/Vtb_croc_soc___024root__DepSet_h0ddea910__7.cpp"
T   1284981 17966347  1752500666   284045200  1752500666   284045200 "obj_dir/Vtb_croc_soc___024root__DepSet_h0ddea910__8.cpp"
T   1285406 17966348  1752500666   296045129  1752500666   296045129 "obj_dir/Vtb_croc_soc___024root__DepSet_h0ddea910__9.cpp"
T    614339 17966366  1752500666   612043230  1752500666   612043230 "obj_dir/Vtb_croc_soc___024root__DepSet_ha6051a75__0.cpp"
T    679939 17966336  1752500666   108046260  1752500666   108046260 "obj_dir/Vtb_croc_soc___024root__DepSet_ha6051a75__0__Slow.cpp"
T    625955 17966367  1752500666   620043180  1752500666   620043180 "obj_dir/Vtb_croc_soc___024root__DepSet_ha6051a75__1.cpp"
T    628089 17966368  1752500666   624043157  1752500666   624043157 "obj_dir/Vtb_croc_soc___024root__DepSet_ha6051a75__2.cpp"
T    585732 17966370  1752500666   632043109  1752500666   632043109 "obj_dir/Vtb_croc_soc___024root__DepSet_ha6051a75__3.cpp"
T    625985 17966371  1752500666   636043084  1752500666   636043084 "obj_dir/Vtb_croc_soc___024root__DepSet_ha6051a75__4.cpp"
T    643218 17966372  1752500666   644043036  1752500666   644043036 "obj_dir/Vtb_croc_soc___024root__DepSet_ha6051a75__5.cpp"
T    754349 17966373  1752500666   648043013  1752500666   648043013 "obj_dir/Vtb_croc_soc___024root__DepSet_ha6051a75__6.cpp"
T    163497 17966374  1752500666   652042988  1752500666   652042988 "obj_dir/Vtb_croc_soc___024root__DepSet_ha6051a75__7.cpp"
T       766 17966325  1752500666    96046331  1752500666    96046331 "obj_dir/Vtb_croc_soc___024root__Slow.cpp"
T      1102 17966375  1752500666   652042988  1752500666   652042988 "obj_dir/Vtb_croc_soc__main.cpp"
T       786 17966321  1752500666    92046356  1752500666    92046356 "obj_dir/Vtb_croc_soc__pch.h"
T      9615 17966378  1752500666   652042988  1752500666   652042988 "obj_dir/Vtb_croc_soc__ver.d"
T         0        0  1752500666   652042988  1752500666   652042988 "obj_dir/Vtb_croc_soc__verFiles.dat"
T      3917 17966376  1752500666   652042988  1752500666   652042988 "obj_dir/Vtb_croc_soc_classes.mk"
T      4684 17966324  1752500666    96046331  1752500666    96046331 "obj_dir/Vtb_croc_soc_obi_mux__pi10.h"
T    155691 17966333  1752500666   100046308  1752500666   100046308 "obj_dir/Vtb_croc_soc_obi_mux__pi10__DepSet_h71de91f3__0.cpp"
T     27551 17966332  1752500666    96046331  1752500666    96046331 "obj_dir/Vtb_croc_soc_obi_mux__pi10__DepSet_h71de91f3__0__Slow.cpp"
T     54296 17966337  1752500666   100046308  1752500666   100046308 "obj_dir/Vtb_croc_soc_obi_mux__pi10__DepSet_hda0542d2__0.cpp"
T     25957 17966334  1752500666    96046331  1752500666    96046331 "obj_dir/Vtb_croc_soc_obi_mux__pi10__DepSet_hda0542d2__0__Slow.cpp"
T       760 17966327  1752500666    96046331  1752500666    96046331 "obj_dir/Vtb_croc_soc_obi_mux__pi10__Slow.cpp"
T       925 17966323  1752500666    96046331  1752500666    96046331 "obj_dir/Vtb_croc_soc_soc_ctrl_reg_pkg.h"
T       559 17966331  1752500666    96046331  1752500666    96046331 "obj_dir/Vtb_croc_soc_soc_ctrl_reg_pkg__DepSet_h03110534__0__Slow.cpp"
T       941 17966326  1752500666    96046331  1752500666    96046331 "obj_dir/Vtb_croc_soc_soc_ctrl_reg_pkg__Slow.cpp"
